seed = 0

[data]
normalization = 'quantile'
path = 'data/higgs_small'

[model]
activation = 'reglu'
attention_dropout = 0.1581984709208526
d_ffn_factor = 1.748727379146245
d_token = 432
ffn_dropout = 0.2544716491255606
initialization = 'kaiming'
n_heads = 8
n_layers = 2
prenormalization = true
residual_dropout = 0.0

[training]
batch_size = 512
eval_batch_size = 256
lr = 2.125975734080735e-05
n_epochs = 1000000000
optimizer = 'adamw'
patience = 16
weight_decay = 0.0003315336678593725
