seed = 0

[data]
normalization = 'quantile'
path = 'data/jannis'

[model]
activation = 'reglu'
attention_dropout = 0.02412152594155179
d_ffn_factor = 2.276416548274433
d_token = 392
ffn_dropout = 0.4170342032373217
initialization = 'kaiming'
n_heads = 8
n_layers = 2
prenormalization = true
residual_dropout = 0.0

[training]
batch_size = 256
eval_batch_size = 256
lr = 6.280509334048135e-05
n_epochs = 1000000000
optimizer = 'adamw'
patience = 16
weight_decay = 6.709715741328635e-06
